CONV NORM 
# 17x17  convolution mask of a gaussian PSF with FWHM = 9.0 pixels.
0.0127   0.0212   0.0331   0.0481   0.0654   0.0830   0.0985   0.1091   0.1128   0.1091   0.0985   0.0830   0.0654   0.0481   0.0331   0.0212   0.0127
0.0212   0.0354   0.0552   0.0802   0.1091   0.1385   0.1642   0.1819   0.1882   0.1819   0.1642   0.1385   0.1091   0.0802   0.0552   0.0354   0.0212
0.0331   0.0552   0.0859   0.1250   0.1699   0.2157   0.2557   0.2833   0.2931   0.2833   0.2557   0.2157   0.1699   0.1250   0.0859   0.0552   0.0331
0.0481   0.0802   0.1250   0.1819   0.2472   0.3138   0.3721   0.4122   0.4265   0.4122   0.3721   0.3138   0.2472   0.1819   0.1250   0.0802   0.0481
0.0654   0.1091   0.1699   0.2472   0.3359   0.4265   0.5057   0.5602   0.5796   0.5602   0.5057   0.4265   0.3359   0.2472   0.1699   0.1091   0.0654
0.0830   0.1385   0.2157   0.3138   0.4265   0.5414   0.6420   0.7111   0.7358   0.7111   0.6420   0.5414   0.4265   0.3138   0.2157   0.1385   0.0830
0.0985   0.1642   0.2557   0.3721   0.5057   0.6420   0.7613   0.8433   0.8725   0.8433   0.7613   0.6420   0.5057   0.3721   0.2557   0.1642   0.0985
0.1091   0.1819   0.2833   0.4122   0.5602   0.7111   0.8433   0.9341   0.9665   0.9341   0.8433   0.7111   0.5602   0.4122   0.2833   0.1819   0.1091
0.1128   0.1882   0.2931   0.4265   0.5796   0.7358   0.8725   0.9665   1.0000   0.9665   0.8725   0.7358   0.5796   0.4265   0.2931   0.1882   0.1128
0.1091   0.1819   0.2833   0.4122   0.5602   0.7111   0.8433   0.9341   0.9665   0.9341   0.8433   0.7111   0.5602   0.4122   0.2833   0.1819   0.1091
0.0985   0.1642   0.2557   0.3721   0.5057   0.6420   0.7613   0.8433   0.8725   0.8433   0.7613   0.6420   0.5057   0.3721   0.2557   0.1642   0.0985
0.0830   0.1385   0.2157   0.3138   0.4265   0.5414   0.6420   0.7111   0.7358   0.7111   0.6420   0.5414   0.4265   0.3138   0.2157   0.1385   0.0830
0.0654   0.1091   0.1699   0.2472   0.3359   0.4265   0.5057   0.5602   0.5796   0.5602   0.5057   0.4265   0.3359   0.2472   0.1699   0.1091   0.0654
0.0481   0.0802   0.1250   0.1819   0.2472   0.3138   0.3721   0.4122   0.4265   0.4122   0.3721   0.3138   0.2472   0.1819   0.1250   0.0802   0.0481
0.0331   0.0552   0.0859   0.1250   0.1699   0.2157   0.2557   0.2833   0.2931   0.2833   0.2557   0.2157   0.1699   0.1250   0.0859   0.0552   0.0331
0.0212   0.0354   0.0552   0.0802   0.1091   0.1385   0.1642   0.1819   0.1882   0.1819   0.1642   0.1385   0.1091   0.0802   0.0552   0.0354   0.0212
0.0127   0.0212   0.0331   0.0481   0.0654   0.0830   0.0985   0.1091   0.1128   0.1091   0.0985   0.0830   0.0654   0.0480   .03310   .02120   .0127
